c PicoSAT SAT Solver Version 965
c Copyright (c) 2006 - 2014 Armin Biere JKU Linz
c gcc -g -O2 -fdebug-prefix-map=/build/picosat-jdRevn/picosat-965=. -fstack-protector-strong -Wformat -Werror=format-security
c
c using 2 as default phase
c
c parsing ./random3SAT/vars-300-1.cnf
c parsed header 'p cnf 300 1275'
c initialized 300 variables
c found 1275 non trivial clauses
c
c random number generator seed 0
c 
c  seconds     variables   original    learned     agility
c         level        used      conflicts    limit          MB
c 
c s   0.0   0.0   300   0.0  1275     0     0     0   0.0   0.1 
c 
c initial reduction limit 1000 clauses
c 
c +   0.0  32.7   300  83.3  1275   100   100  1100  11.5   0.1 
c R   0.0  32.7   300  83.3  1275   101   101  1100  11.6   0.1 
c +   0.0  25.0   300  94.3  1275   221   221  1210  20.7   0.1 
c +   0.0  23.2   300  95.3  1275   367   367  1331  25.1   0.2 
c N   0.0  22.9   300  96.0  1275   403   403  1331  26.1   0.2 
c +   0.0  21.6   300  96.3  1275   543   543  1464  29.6   0.2 
c +   0.0  20.7   300  97.3  1275   755   755  1610  29.9   0.2 
c +   0.0  19.8   300  97.7  1275  1011  1011  1771  29.5   0.3 
c N   0.0  19.3   300  97.7  1275  1207  1207  1771  29.4   0.3 
c +   0.0  19.0   300  97.7  1275  1320  1320  1948  28.8   0.3 
c +   0.0  18.5   300  98.0  1275  1693  1693  2142  29.9   0.4 
c +   0.0  18.1   300  98.7  1275  2144  2144  2356  29.9   0.5 
c +   0.0  17.5   300  98.7  1275  2689  1505  2591  30.2   0.4 
c N   0.1  17.0   300  99.7  1275  3211  2027  2591  29.0   0.4 
c +   0.1  16.9   300  99.7  1275  3348  2164  2850  28.2   0.4 
c +   0.1  16.6   300  99.7  1275  4145  1531  3135  30.5   0.3 
c +   0.1  16.1   300  99.7  1275  5109  2495  3448  30.1   0.5 
c +   0.1  15.7   300  99.7  1275  6275  1931  3792  28.4   0.4 
c +   0.1  15.6   300  99.7  1275  7685  3341  4171  30.5   0.6 
c N   0.1  15.5   300  99.7  1275  8030  3686  4171  30.3   0.6 
c 
c  seconds     variables   original    learned     agility
c         level        used      conflicts    limit          MB
c 
c +   0.2  15.1   300  99.7  1275  9391  2952  4588  28.5   0.6 
c +   0.2  14.7   300  99.7  1275 11455  2716  5046  27.1   0.5 
c +   0.3  14.7   300  99.7  1275 13952  2684  5550  28.7   0.5 
c +   0.4  14.7   300  99.7  1275 16973  2925  6105  29.5   0.5 
c N   0.4  14.6   300  99.7  1275 19258  5210  6105  28.6   0.9 
c +   0.4  14.4   300  99.7  1275 20628  3517  6715  28.8   0.6 
c +   0.6  13.9   300  99.7  1275 25050  4574  7386  30.0   0.7 
c +   0.7  14.1   300  99.7  1275 30400  6223  8124  29.9   1.0 
c +   0.9  13.9   300  99.7  1275 36873  4549  8936  29.0   0.7 
c +   1.1  13.7   300  99.7  1275 44705  7906  9829  28.4   1.3 
c N   1.1  13.7   300  99.7  1275 44907  8108  9829  29.6   1.3 
c +   1.5  13.4   300  99.7  1275 54181  7538 10811  28.9   1.2 
c +   1.9  13.4   300  99.7  1275 65646  8183 11892  29.3   1.3 
c +   2.4  13.7   300  99.7  1275 79518 10143 13081  27.5   1.5 
c +   3.1  13.6   300  99.7  1275 96303  7289 14389  27.9   1.1 
c N   3.4  13.5   300  99.7  1275 102e3 13609 14389  28.5   1.9 
c +   4.0  13.3   300  99.7  1275 116e3 13200 15827  28.7   1.8 
c +   5.1  12.9   300  99.7  1275 141e3 14005 17409  28.2   1.9 
c +   6.6  12.8   300  99.7  1275 170e3  8891 19149  28.9   1.4 
c +   8.5  12.5   300  99.7  1275 206e3 16121 21063  28.9   2.3 
c s   9.6  12.3   299  99.7  1266 224e3  9796 21063  28.1   1.5 
c N   9.6  12.3   299  99.7  1266 224e3  9897 21063  28.8   1.5 
c 
c  seconds     variables   original    learned     agility
c         level        used      conflicts    limit          MB
c 
c N   9.6  12.3   299  99.7  1266 224e3 10200 21063  29.3   1.6 
c N   9.6  12.3   299  99.7  1266 225e3 11002 21063  29.5   1.7 
c N   9.7  12.4   299  99.7  1266 227e3 13006 21063  29.3   2.0 
c N  10.0  12.4   299  99.7  1266 232e3 17813 21063  29.0   2.7 
c N  10.6  12.4   299  99.7  1266 243e3 18495 21063  29.6   2.7 
c +  11.0  12.4   299  99.7  1266 250e3 14674 23169  28.8   2.1 
c N  12.2  12.4   299  99.7  1266 269e3 22027 23169  27.9   3.1 
c +  14.7  12.3   299  99.7  1266 303e3 20982 25485  29.6   2.9 
c N  16.3  12.3   299  99.7  1266 327e3 19439 25485  28.3   2.7 
c +  18.9  12.2   299  99.7  1266 366e3 20956 28033  25.6   2.9 
c +  24.7  12.2   299  99.7  1266 443e3 27947 30836  28.7   3.7 
c N  25.5  12.2   299  99.7  1266 455e3 23866 30836  28.1   3.1 
c s  29.6  12.0   298  99.7  1257 507e3 17524 30836  28.0   2.4 
c N  29.6  12.0   298  99.7  1257 507e3 17626 30836  29.1   2.4 
c N  29.6  12.0   298  99.7  1257 508e3 17931 30836  29.5   2.4 
c N  29.7  12.0   298  99.7  1257 509e3 18735 30836  29.0   2.5 
c N  29.8  12.0   298  99.7  1257 511e3 20741 30836  28.2   2.8 
c N  30.2  12.0   298  99.7  1257 515e3 25559 30836  27.2   3.5 
c 1  31.1  12.0   298  99.7  1257 526e3 21000 30836  26.5   2.7 
c 
c  seconds     variables   original    learned     agility
c         level        used      conflicts    limit          MB
c 
s SATISFIABLE
v -1 -2 3 -4 5 6 -7 8 -9 -10 -11 12 -13 -14 15 16 17 18 19 -20 21 22 23 24 25
v -26 27 28 -29 30 31 -32 -33 -34 35 -36 37 -38 -39 -40 -41 -42 43 44 -45 -46
v 47 -48 49 -50 51 -52 53 -54 -55 56 57 58 59 60 -61 62 -63 -64 65 66 -67 68 69
v 70 71 72 73 74 -75 76 77 78 -79 -80 81 82 -83 84 -85 86 87 88 -89 90 -91 92
v -93 94 95 96 97 98 -99 -100 -101 -102 103 -104 105 106 107 108 -109 110 111
v 112 113 114 -115 116 117 -118 -119 120 -121 -122 -123 -124 125 126 127 128
v -129 130 131 132 133 134 135 136 137 138 139 -140 -141 142 143 144 -145 146
v -147 -148 149 -150 151 152 153 -154 155 -156 157 -158 -159 160 -161 -162 -163
v -164 165 -166 167 168 -169 170 171 -172 173 -174 -175 -176 177 -178 179 -180
v 181 -182 -183 -184 185 -186 -187 188 189 -190 -191 -192 -193 194 -195 196
v -197 -198 -199 -200 201 -202 203 -204 205 -206 207 208 209 210 -211 -212 213
v 214 -215 -216 217 218 -219 220 -221 222 223 224 225 -226 -227 -228 229 -230
v 231 232 -233 234 235 236 -237 -238 -239 -240 -241 -242 243 -244 -245 -246 247
v -248 249 250 251 -252 253 254 255 256 -257 258 -259 260 261 262 263 264 265
v 266 267 -268 -269 -270 271 -272 273 -274 275 -276 -277 -278 -279 -280 -281
v 282 -283 -284 285 -286 287 288 289 -290 291 -292 -293 294 295 296 -297 298
v 299 -300 0
c
c 2 iterations
c 2 restarts
c 0 failed literals
c 526711 conflicts
c 609532 decisions
c 2 fixed variables
c 7768834 learned literals
c 30.6% deleted literals
c 33867446 propagations
c 635266375 visits
c 99.7% variables used
c 31.1 seconds in library
c 1.1 megaprops/second
c 20.4 megavisits/second
c probing 0.0 seconds 0%
c 3 simplifications
c 57 reductions
c 71.3 MB recycled
c 4.2 MB maximally allocated
c 31.1 seconds total run time
